CIP正面围裙黒,CIP正面エプロンスカート.png,0,0,300,100
CIP正面围裙青,CIP正面エプロンスカート.png,300,0,300,100
CIP正面围裙赤,CIP正面エプロンスカート.png,600,0,300,100
CIP正面围裙緑色,CIP正面エプロンスカート.png,0,100,300,100
CIP正面围裙紺,CIP正面エプロンスカート.png,300,100,300,100
CIP正面围裙桃色,CIP正面エプロンスカート.png,600,100,300,100
CIP正面围裙水色,CIP正面エプロンスカート.png,0,200,300,100

CIP正面围裙黒縮小,CIP正面エプロンスカート.png,0,0,300,100
CIP正面围裙青縮小,CIP正面エプロンスカート.png,300,0,300,100
CIP正面围裙赤縮小,CIP正面エプロンスカート.png,600,0,300,100
CIP正面围裙緑色縮小,CIP正面エプロンスカート.png,0,100,300,100
CIP正面围裙紺縮小,CIP正面エプロンスカート.png,300,100,300,100
CIP正面围裙桃色縮小,CIP正面エプロンスカート.png,600,100,300,100
CIP正面围裙水色縮小,CIP正面エプロンスカート.png,0,200,300,100

CIP正面围裙黒捲り,CIP正面エプロンスカート捲り.png,0,0,300,100
CIP正面围裙青捲り,CIP正面エプロンスカート捲り.png,300,0,300,100
CIP正面围裙赤捲り,CIP正面エプロンスカート捲り.png,600,0,300,100
CIP正面围裙緑色捲り,CIP正面エプロンスカート捲り.png,0,100,300,100
CIP正面围裙紺捲り,CIP正面エプロンスカート捲り.png,300,100,300,100
CIP正面围裙桃色捲り,CIP正面エプロンスカート捲り.png,600,100,300,100
CIP正面围裙水色捲り,CIP正面エプロンスカート捲り.png,0,200,300,100

CIP正面围裙黒捲り縮小,CIP正面エプロンスカート捲り.png,0,0,300,100
CIP正面围裙青捲り縮小,CIP正面エプロンスカート捲り.png,300,0,300,100
CIP正面围裙赤捲り縮小,CIP正面エプロンスカート捲り.png,600,0,300,100
CIP正面围裙緑色捲り縮小,CIP正面エプロンスカート捲り.png,0,100,300,100
CIP正面围裙紺捲り縮小,CIP正面エプロンスカート捲り.png,300,100,300,100
CIP正面围裙桃色捲り縮小,CIP正面エプロンスカート捲り.png,600,100,300,100
CIP正面围裙水色捲り縮小,CIP正面エプロンスカート捲り.png,0,200,300,100

CIP正面围裙黒背面,CIP正面エプロンスカート背面.png,0,0,300,100
CIP正面围裙青背面,CIP正面エプロンスカート背面.png,300,0,300,100
CIP正面围裙赤背面,CIP正面エプロンスカート背面.png,600,0,300,100
CIP正面围裙緑色背面,CIP正面エプロンスカート背面.png,0,100,300,100
CIP正面围裙紺背面,CIP正面エプロンスカート背面.png,300,100,300,100
CIP正面围裙桃色背面,CIP正面エプロンスカート背面.png,600,100,300,100
CIP正面围裙水色背面,CIP正面エプロンスカート背面.png,0,200,300,100


CIP正面圣诞裙赤,CIP正面サンタスカート.png,0,0,300,100
CIP正面圣诞裙赤縮小,CIP正面サンタスカート.png,0,0,300,100

CIP正面圣诞裙赤捲り,CIP正面サンタスカート.png,300,0,300,100
CIP正面圣诞裙赤捲り縮小,CIP正面サンタスカート.png,300,0,300,100

CIP正面圣诞裙赤背面,CIP正面サンタスカート背面.png,0,0,300,100


CIP正面旗袍黒,CIP正面チャイナドレス.png,0,0,300,100
CIP正面旗袍青,CIP正面チャイナドレス.png,300,0,300,100
CIP正面旗袍赤,CIP正面チャイナドレス.png,600,0,300,100
CIP正面旗袍緑色,CIP正面チャイナドレス.png,900,0,300,100

CIP正面旗袍黒縮小,CIP正面チャイナドレス.png,0,0,300,100
CIP正面旗袍青縮小,CIP正面チャイナドレス.png,300,0,300,100
CIP正面旗袍赤縮小,CIP正面チャイナドレス.png,600,0,300,100
CIP正面旗袍緑色縮小,CIP正面チャイナドレス.png,900,0,300,100

CIP正面旗袍黒捲り,CIP正面チャイナドレス捲り.png,0,0,300,100
CIP正面旗袍青捲り,CIP正面チャイナドレス捲り.png,300,0,300,100
CIP正面旗袍赤捲り,CIP正面チャイナドレス捲り.png,600,0,300,100
CIP正面旗袍緑色捲り,CIP正面チャイナドレス捲り.png,900,0,300,100

CIP正面旗袍黒捲り縮小,CIP正面チャイナドレス捲り.png,0,0,300,100
CIP正面旗袍青捲り縮小,CIP正面チャイナドレス捲り.png,300,0,300,100
CIP正面旗袍赤捲り縮小,CIP正面チャイナドレス捲り.png,600,0,300,100
CIP正面旗袍緑色捲り縮小,CIP正面チャイナドレス捲り.png,900,0,300,100

CIP正面旗袍黒捲り前面,CIP正面チャイナドレス捲り前面.png,0,0,300,100
CIP正面旗袍青捲り前面,CIP正面チャイナドレス捲り前面.png,300,0,300,100
CIP正面旗袍赤捲り前面,CIP正面チャイナドレス捲り前面.png,600,0,300,100
CIP正面旗袍緑色捲り前面,CIP正面チャイナドレス捲り前面.png,900,0,300,100

CIP正面旗袍黒捲り前面縮小,CIP正面チャイナドレス捲り前面縮小.png,0,0,300,100
CIP正面旗袍青捲り前面縮小,CIP正面チャイナドレス捲り前面縮小.png,300,0,300,100
CIP正面旗袍赤捲り前面縮小,CIP正面チャイナドレス捲り前面縮小.png,600,0,300,100
CIP正面旗袍緑色捲り前面縮小,CIP正面チャイナドレス捲り前面縮小.png,900,0,300,100

CIP正面旗袍黒背面,CIP正面チャイナドレス背面.png,0,0,300,100
CIP正面旗袍青背面,CIP正面チャイナドレス背面.png,300,0,300,100
CIP正面旗袍赤背面,CIP正面チャイナドレス背面.png,600,0,300,100
CIP正面旗袍緑色背面,CIP正面チャイナドレス背面.png,900,0,300,100

